00
00
00
00
00
00
00
00
00
00
00
00
00
00
00
00
00
00
00
00
00
00
00
00
00
00
00
00
00
00
00
00
00
00
00
-68
-68
-68
-68
-68
-68
-68
-68
-68
-68
-68
-68
-68
-68
-68
-68
-68
-68
-68
-68
-68
-68
-68
-68
-68
-68
-68
-68
-68
-68
-68
-68
00
00
-68
-68
-68
-68
-68
-68
-68
-68
-68
-68
-68
-68
-68
-68
-68
-68
-68
-68
-68
-68
-68
-68
-68
-68
-68
-68
-68
-68
-68
-68
-68
-68
00
00
-68
-68
-68
-68
-68
-68
-68
-68
-68
-68
-68
-68
-68
-68
-68
-68
-68
-68
-68
-68
-68
-68
-68
-68
-68
-68
-68
-68
-68
-68
-68
-68
00
00
-68
-68
-68
-68
-68
-68
-68
-68
-68
-68
-68
-68
-68
-68
-68
-68
-68
-68
-68
-68
-68
-68
-68
-68
-68
-68
-68
-68
-68
-68
-68
-68
00
00
-68
-68
13
16
20
17
23
25
25
24
28
31
34
36
37
38
27
03
05
08
11
14
18
21
25
25
27
25
25
25
24
25
00
00
-68
-68
-19
-21
-11
-11
-04
06
21
21
32
35
35
36
37
37
12
-04
-04
-04
-04
-03
-02
-01
03
06
11
13
17
21
23
26
00
00
-68
-68
-23
-08
-06
-23
-22
-04
-05
-02
33
37
41
40
43
44
04
01
-03
-03
-04
-03
-03
-04
-05
-04
-04
-05
-03
-01
04
10
00
00
-68
-68
-25
-01
04
-01
12
23
18
11
40
40
42
42
43
42
02
05
-03
-03
-02
-01
-01
-03
-03
-03
-02
-04
-05
-05
-04
-03
00
00
-68
-68
-27
-17
-04
-01
22
30
31
33
31
16
12
08
08
02
-02
03
-04
-02
-01
-02
-01
-03
-03
-03
-04
-04
-04
-04
-04
-04
00
00
-68
-68
-38
-40
-37
-26
-06
08
08
22
-04
-34
-34
-36
-36
-37
02
03
-05
-03
-03
-03
-03
-03
-04
-03
-04
-04
-04
-04
-05
-05
00
00
-68
-68
-30
-39
-43
-40
-35
-30
-33
-17
-16
-25
-25
-28
-27
-28
11
02
-04
-04
-04
-05
-03
-04
-05
-05
-04
-04
-05
-04
-04
-04
00
00
-68
-68
03
00
-03
-03
-04
-05
-06
-09
-16
-13
-10
-22
-26
-27
17
04
-02
-04
-04
-06
-03
-04
-04
-05
-05
-05
-04
-05
-04
-05
00
00
-68
-68
05
06
08
09
11
11
11
12
-12
-15
-05
-17
-29
-31
21
03
-01
-04
-04
-05
-03
-04
-04
-04
-05
-05
-04
-04
-04
-05
00
00
-68
-68
-08
-09
-05
-05
-03
01
00
02
-16
-06
01
01
-08
-22
26
01
01
-04
-03
-03
-02
-04
-04
-03
-04
-05
-04
-04
-04
-05
00
00
-68
-68
-13
-17
-09
-10
-11
-02
-03
-03
-15
00
11
12
07
-04
30
-01
02
-05
-01
-01
-02
-04
-04
-03
-04
-04
-04
-04
-04
-04
00
00
-68
-68
-20
-19
-17
-17
-14
-10
-12
-09
-20
-09
02
04
-01
-01
34
00
04
-04
00
00
-01
-04
-04
-03
-03
-03
-02
-03
-03
-04
00
00
-68
-68
-23
-15
-17
-23
-16
-05
-08
-11
-25
-12
-03
-01
-06
-05
35
-03
04
-03
00
00
-01
-03
-04
-03
-03
-01
-01
-02
-02
-03
00
00
-68
-68
-11
-10
-09
-15
-10
00
01
-03
-21
01
13
14
10
14
40
-04
04
-01
00
02
00
-03
-04
-03
-03
00
00
-01
-01
-01
00
00
-68
-68
-01
00
00
-02
02
05
05
05
-20
-03
09
08
05
07
39
-02
04
00
00
02
00
-02
-03
-03
-03
00
00
00
00
00
00
00
-68
-68
00
01
01
01
02
06
07
07
-18
-13
-04
-01
-04
03
39
01
03
00
00
03
01
01
-01
-01
00
-01
01
02
01
01
00
00
-68
-68
11
13
14
14
13
19
18
16
-14
04
16
14
13
22
42
01
01
00
00
04
03
02
00
01
01
00
02
03
02
02
00
00
-68
-68
23
24
24
23
24
24
25
23
-13
06
20
18
16
16
40
01
00
01
00
04
04
03
00
00
00
02
04
05
02
01
00
00
-68
-68
29
30
30
29
33
30
30
21
-12
10
14
01
-03
-03
33
01
01
01
01
04
06
06
02
00
01
04
04
02
02
00
00
00
-68
-68
28
28
28
30
31
33
33
22
-09
08
08
00
13
16
33
02
00
02
01
04
08
05
01
00
-03
04
02
-03
-03
00
00
00
-68
-68
23
23
24
26
28
30
29
22
01
02
18
11
19
19
35
03
00
02
02
03
07
03
-02
-01
-03
-10
-20
-17
-01
00
00
00
-68
-68
18
20
21
23
27
24
21
06
00
17
20
14
13
16
33
01
01
03
03
00
11
15
10
-11
-22
-57
-50
-47
-07
-01
00
00
-68
-68
21
21
22
19
19
18
18
21
18
10
12
21
15
14
31
-01
-05
03
02
04
12
30
05
-49
-51
-52
-46
-49
-28
-30
00
00
-68
-68
23
24
24
21
19
27
27
17
12
02
-01
42
20
25
34
-06
-04
11
08
03
10
28
-13
-42
-44
-45
-24
-35
-47
-46
00
00
-68
-68
22
22
18
23
31
23
08
17
22
19
11
36
22
11
13
01
-02
00
-06
-23
-33
06
-23
-16
-27
-47
-07
-18
-51
-46
00
00
-68
-68
14
18
28
23
08
09
14
13
02
11
23
21
05
-24
-33
-24
-34
-51
-57
-62
-61
-29
-36
-07
-12
-51
-20
-27
-49
-32
00
00
-68
-68
23
27
06
-20
-21
-14
-09
-04
11
23
13
09
11
-04
-23
-32
-55
-61
-58
-58
-57
-53
-41
-20
-29
-53
-40
-38
-16
17
00
00
-68
-68
12
-07
-22
-20
-11
01
16
27
21
08
15
23
15
01
-15
-36
-44
-43
-45
-45
-41
-38
-32
-37
-36
-16
-09
14
32
41
00
00
00
00
00
00
00
00
00
00
00
00
00
00
00
00
00
00
00
00
00
00
00
00
00
00
00
00
00
00
00
00
00
00
00
00
00
00
00
00
00
00
00
00
00
00
00
00
00
00
00
00
00
00
00
00
00
00
00
00
00
00
00
00
00
00
00
00
00
00
-66
-66
-66
-66
-66
-66
-66
-66
-66
-66
-66
-66
-66
-66
-66
-66
-66
-66
-66
-66
-66
-66
-66
-66
-66
-66
-66
-66
-66
-66
-66
-66
00
00
-66
-66
-66
-66
-66
-66
-66
-66
-66
-66
-66
-66
-66
-66
-66
-66
-66
-66
-66
-66
-66
-66
-66
-66
-66
-66
-66
-66
-66
-66
-66
-66
00
00
-66
-66
-66
-66
-66
-66
-66
-66
-66
-66
-66
-66
-66
-66
-66
-66
-66
-66
-66
-66
-66
-66
-66
-66
-66
-66
-66
-66
-66
-66
-66
-66
00
00
-66
-66
-66
-66
-66
-66
-66
-66
-66
-66
-66
-66
-66
-66
-66
-66
-66
-66
-66
-66
-66
-66
-66
-66
-66
-66
-66
-66
-66
-66
-66
-66
00
00
-66
-66
20
25
29
27
33
35
35
36
40
41
41
43
43
45
36
12
15
18
22
25
30
33
37
37
39
40
41
40
39
40
00
00
-66
-66
-14
-17
-08
-08
01
11
26
27
40
42
41
40
40
42
17
03
02
03
03
04
06
07
11
14
20
25
30
33
35
37
00
00
-66
-66
-19
-07
-07
-24
-23
-04
-06
-01
38
41
45
44
45
48
07
06
02
01
00
01
02
01
01
02
02
03
05
07
12
17
00
00
-66
-66
-23
-01
01
-05
09
21
16
11
42
42
45
45
44
45
05
09
00
00
00
00
02
01
00
02
02
01
00
00
00
00
00
00
-66
-66
-26
-17
-05
-03
20
28
30
32
31
18
15
11
09
04
02
08
-01
00
00
00
02
01
00
00
00
00
-01
00
-01
-01
00
00
-66
-66
-38
-39
-35
-25
-05
09
09
22
-03
-33
-31
-33
-34
-34
08
08
-01
00
00
00
02
01
00
02
00
00
-01
00
-01
-01
00
00
-66
-66
-31
-38
-40
-38
-34
-29
-31
-16
-16
-23
-21
-23
-24
-24
17
08
01
00
00
-01
01
01
00
00
00
00
-01
00
00
00
00
00
-66
-66
-03
-06
-07
-08
-10
-11
-13
-15
-19
-13
-07
-20
-24
-25
21
07
01
-01
-01
-02
01
00
00
-01
-01
00
00
00
00
00
00
00
-66
-66
-04
-02
00
00
01
00
01
04
-16
-16
-02
-17
-28
-30
22
04
02
-01
-01
-02
01
00
00
00
-01
-01
00
00
00
00
00
00
-66
-66
-17
-17
-13
-14
-12
-08
-08
-05
-18
-05
04
02
-06
-21
28
02
03
-02
00
00
00
00
00
00
00
00
00
00
00
00
00
00
-66
-66
-20
-25
-16
-17
-19
-10
-10
-08
-16
03
14
13
09
-02
32
00
04
-03
01
01
00
00
00
01
00
00
00
00
00
01
00
00
-66
-66
-24
-24
-22
-23
-21
-16
-18
-13
-19
-05
07
04
01
02
37
01
05
-03
01
01
01
00
-01
00
00
00
00
-01
-01
00
00
00
-66
-66
-25
-16
-19
-25
-18
-07
-10
-12
-23
-07
01
-01
-03
-02
38
-01
05
-02
00
01
01
00
00
00
00
00
00
-01
-01
00
00
00
-66
-66
-07
-06
-06
-13
-08
02
03
00
-17
07
18
13
12
17
42
-02
04
-02
00
01
01
01
00
00
00
01
01
00
00
00
00
00
-66
-66
06
07
06
03
07
09
09
09
-16
03
13
07
07
11
42
00
04
-01
-01
01
00
01
00
00
00
02
02
02
02
00
00
00
-66
-66
04
06
07
06
06
08
07
07
-18
-10
-02
-02
-02
04
41
01
03
-01
-01
03
01
01
00
00
01
02
03
02
00
00
00
00
-66
-66
10
11
13
14
14
17
14
12
-15
07
18
14
14
23
44
01
02
00
00
04
03
01
00
02
04
03
04
03
01
01
00
00
-66
-66
14
15
15
18
20
18
17
16
-14
09
23
18
17
17
42
01
00
01
00
04
04
02
02
03
05
06
07
06
02
02
00
00
-66
-66
17
18
18
19
23
20
20
12
-12
13
17
01
-01
-02
35
01
01
02
01
04
06
06
04
06
08
08
08
04
03
02
00
00
-66
-66
20
20
20
19
19
21
22
14
-08
11
11
00
14
17
34
03
00
02
02
04
09
07
05
06
05
09
06
-01
-02
03
00
00
-66
-66
18
18
19
16
16
19
20
16
02
05
21
11
20
21
36
03
00
03
03
03
11
09
04
06
03
-04
-15
-14
00
04
00
00
-66
-66
12
14
15
14
18
17
16
02
-01
21
23
14
14
17
35
01
02
03
03
00
16
26
18
-06
-17
-51
-45
-44
-04
03
00
00
-66
-66
09
09
11
11
13
14
16
20
18
13
14
21
17
16
32
-01
-05
03
02
04
18
44
15
-45
-49
-47
-41
-45
-25
-26
00
00
-66
-66
11
12
13
11
13
25
30
17
06
-02
-03
42
23
28
37
-03
-01
14
11
06
15
36
-07
-39
-41
-42
-21
-33
-47
-42
00
00
-66
-66
14
16
13
18
28
22
08
14
14
13
07
34
22
11
13
01
01
04
-01
-19
-29
10
-20
-13
-23
-43
-02
-14
-48
-43
00
00
-66
-66
13
19
30
27
12
08
08
07
-02
07
20
17
-02
-32
-41
-31
-34
-47
-54
-59
-58
-26
-33
-04
-08
-44
-13
-20
-42
-31
00
00
-66
-66
23
29
09
-15
-17
-15
-16
-09
12
21
08
03
02
-13
-32
-41
-56
-58
-56
-56
-55
-53
-40
-19
-28
-51
-36
-34
-11
14
00
00
-66
-66
09
-09
-23
-21
-11
00
17
28
24
08
11
17
11
-04
-19
-42
-45
-43
-45
-45
-42
-39
-33
-38
-39
-21
-14
11
28
33
00
00
00
00
00
00
00
00
00
00
00
00
00
00
00
00
00
00
00
00
00
00
00
00
00
00
00
00
00
00
00
00
00
00
00
00
00
00
00
00
00
00
00
00
00
00
00
00
00
00
00
00
00
00
00
00
00
00
00
00
00
00
00
00
00
00
00
00
00
00
-58
-58
-58
-58
-58
-58
-58
-58
-58
-58
-58
-58
-58
-58
-58
-58
-58
-58
-58
-58
-58
-58
-58
-58
-58
-58
-58
-58
-58
-58
-58
-58
00
00
-58
-58
-58
-58
-58
-58
-58
-58
-58
-58
-58
-58
-58
-58
-58
-58
-58
-58
-58
-58
-58
-58
-58
-58
-58
-58
-58
-58
-58
-58
-58
-58
00
00
-58
-58
-58
-58
-58
-58
-58
-58
-58
-58
-58
-58
-58
-58
-58
-58
-58
-58
-58
-58
-58
-58
-58
-58
-58
-58
-58
-58
-58
-58
-58
-58
00
00
-58
-58
-58
-58
-58
-58
-58
-58
-58
-58
-58
-58
-58
-58
-58
-58
-58
-58
-58
-58
-58
-58
-58
-58
-58
-58
-58
-58
-58
-58
-58
-58
00
00
-58
-58
32
35
40
39
45
48
48
47
48
51
52
54
53
53
44
24
28
30
33
37
40
44
48
48
51
53
54
54
53
54
00
00
-58
-58
-09
-12
-02
-01
08
18
33
34
46
48
48
47
47
47
22
12
13
13
13
14
15
16
20
24
29
35
39
43
45
48
00
00
-58
-58
-20
-07
-06
-23
-21
-02
-04
01
40
44
48
47
48
48
09
11
09
09
08
09
09
08
08
09
09
10
13
14
19
24
00
00
-58
-58
-27
-05
-01
-06
07
19
14
09
43
43
46
45
45
43
04
12
06
05
06
06
08
06
06
06
08
07
06
06
07
06
00
00
-58
-58
-30
-20
-09
-06
16
24
27
30
32
18
15
11
09
01
-01
10
04
05
06
05
06
06
05
05
05
05
05
05
04
04
00
00
-58
-58
-40
-42
-37
-28
-09
05
05
20
-02
-32
-31
-33
-34
-37
05
10
05
06
06
06
07
07
06
07
06
06
05
06
05
06
00
00
-58
-58
-33
-40
-43
-42
-38
-33
-35
-19
-16
-22
-21
-24
-25
-26
15
10
07
07
07
06
08
08
06
06
06
06
05
06
06
08
00
00
-58
-58
-15
-18
-19
-20
-21
-23
-24
-26
-23
-09
-09
-23
-25
-25
23
12
08
06
05
04
06
05
04
04
04
05
06
06
06
05
00
00
-58
-58
-19
-18
-15
-15
-14
-14
-14
-11
-22
-13
-07
-21
-30
-29
27
10
08
05
05
04
06
04
04
04
04
05
06
06
06
04
00
00
-58
-58
-30
-30
-26
-29
-28
-24
-24
-21
-25
-05
-04
-04
-09
-21
31
07
09
03
05
05
06
04
04
05
04
05
05
05
05
04
00
00
-58
-58
-31
-36
-27
-31
-34
-25
-25
-23
-23
00
05
06
06
-03
34
05
09
02
06
06
05
04
04
05
04
04
05
05
05
05
00
00
-58
-58
-31
-31
-28
-32
-31
-26
-28
-24
-25
-09
-04
-02
-03
-01
38
05
10
02
06
06
06
04
04
05
05
05
05
04
04
04
00
00
-58
-58
-26
-17
-20
-28
-21
-11
-14
-18
-25
-10
-09
-06
-09
-05
38
01
09
02
05
05
05
05
04
05
05
04
04
04
03
04
00
00
-58
-58
-04
-02
-02
-09
-05
05
06
01
-16
06
09
11
07
13
42
00
08
03
04
05
05
05
04
05
05
05
05
04
04
05
00
00
-58
-58
12
13
13
11
15
18
18
14
-12
04
07
07
01
06
42
02
07
02
03
05
05
06
05
05
05
05
04
04
04
05
00
00
-58
-58
11
11
13
10
11
13
13
12
-13
-08
-04
-02
-07
01
42
04
06
03
03
06
06
08
05
03
03
04
05
05
03
04
00
00
-58
-58
15
16
19
16
15
19
16
15
-12
07
17
13
10
20
44
04
05
04
04
09
08
08
05
05
06
06
08
07
05
04
00
00
-58
-58
19
20
20
19
20
19
18
18
-13
07
19
15
12
14
42
04
04
05
04
08
08
08
06
08
09
09
09
09
05
04
00
00
-58
-58
20
21
21
19
22
19
19
13
-14
10
12
-04
-06
-05
35
04
05
05
05
08
09
09
09
11
14
12
11
08
08
05
00
00
-58
-58
18
18
19
18
18
19
20
13
-11
07
06
-06
09
14
34
05
04
06
05
08
12
11
10
13
13
13
10
04
04
05
00
00
-58
-58
15
15
16
15
15
18
18
15
01
02
16
06
15
18
37
06
04
06
06
07
14
13
10
13
11
00
-11
-09
06
06
00
00
-58
-58
10
12
13
14
18
16
14
02
01
19
20
12
10
14
35
04
05
07
07
04
21
32
25
00
-11
-46
-40
-39
01
05
00
00
-58
-58
10
10
12
11
13
14
15
20
22
14
14
20
12
13
33
02
-01
07
06
08
24
51
22
-39
-44
-42
-35
-39
-19
-23
00
00
-58
-58
10
13
14
11
14
27
32
19
05
-02
-01
44
22
28
38
-01
02
19
15
10
19
41
-02
-34
-36
-37
-15
-24
-37
-35
00
00
-58
-58
15
18
15
23
33
25
11
15
13
14
09
37
24
13
15
03
04
08
03
-15
-25
14
-15
-09
-19
-40
03
-06
-39
-34
00
00
-58
-58
19
26
38
36
20
12
09
07
00
10
23
19
01
-28
-37
-28
-30
-43
-49
-54
-54
-21
-28
01
-04
-41
-10
-17
-39
-28
00
00
-58
-58
31
38
19
-06
-10
-11
-13
-05
18
26
11
04
05
-10
-29
-38
-52
-53
-51
-51
-50
-48
-35
-14
-23
-47
-34
-34
-13
13
00
00
-58
-58
14
-03
-16
-18
-09
06
25
38
32
13
13
16
10
-05
-20
-42
-43
-39
-41
-42
-39
-37
-31
-36
-36
-17
-11
10
25
29
00
00
00
00
00
00
00
00
00
00
00
00
00
00
00
00
00
00
00
00
00
00
00
00
00
00
00
00
00
00
00
00
00
00
00
